88.47 
86.98 
82.57 
75.41 
65.79 
54.07 
40.71 
26.21 
11.08 
-4.13 
-18.91 
-32.79 
-45.35 
-56.26 
-65.26 
-72.15 
-76.86 
-79.37 
-79.72 
-78.01 
-74.38 
-69.03 
-62.14 
-53.91 
-44.53 
-34.16 
-22.92 
-10.91 
1.82 
15.23 
29.34 
44.16 
59.70 
75.98 
92.97 
110.65 
128.94 
---
442.60 
444.56 
450.36 
459.83 
472.66 
488.46 
506.74 
526.98 
548.61 
571.04 
593.74 
616.18 
637.89 
658.51 
677.71 
695.28 
711.07 
725.02 
737.10 
747.22 
755.32 
761.49 
765.83 
768.44 
769.39 
768.72 
766.42 
762.45 
756.74 
749.19 
739.67 
728.06 
714.25 
698.14 
679.71 
658.96 
635.98 
|||
90.01 
88.64 
84.60 
78.02 
69.10 
58.15 
45.51 
31.59 
16.81 
1.63 
-13.51 
-28.16 
-41.91 
-54.41 
-65.33 
-74.41 
-81.44 
-86.28 
-88.82 
-89.03 
-86.92 
-82.55 
-76.02 
-67.48 
-57.09 
-45.04 
-31.51 
-16.70 
-0.79 
16.03 
33.60 
51.73 
70.27 
89.07 
107.98 
126.85 
145.54 
---
239.43 
241.13 
246.18 
254.45 
265.71 
279.68 
296.00 
314.25 
334.01 
354.81 
376.19 
397.70 
418.91 
439.44 
458.94 
477.12 
493.72 
508.55 
521.47 
532.23 
540.62 
546.62 
550.24 
551.51 
550.48 
547.20 
541.73 
534.15 
524.49 
512.84 
499.24 
483.76 
466.48 
447.48 
426.87 
404.77 
381.32 
|||
197.13 
194.15 
185.31 
170.89 
151.34 
127.27 
99.41 
68.63 
35.87 
2.11 
-31.63 
-64.35 
-95.11 
-123.01 
-147.28 
-167.24 
-182.34 
-192.20 
-196.56 
-195.32 
-188.52 
-176.37 
-159.21 
-137.49 
-111.77 
-82.72 
-51.03 
-17.45 
17.26 
52.34 
87.04 
120.69 
152.64 
182.32 
209.24 
233.03 
253.37 
---
230.30 
233.16 
241.66 
255.56 
274.48 
297.89 
325.16 
355.55 
388.26 
422.45 
457.24 
491.79 
525.27 
556.92 
586.05 
612.07 
634.48 
652.91 
667.08 
676.71 
681.61 
681.86 
677.63 
669.17 
656.84 
641.02 
622.16 
600.72 
577.19 
552.06 
525.79 
498.84 
471.65 
444.61 
418.06 
392.33 
367.66 
|||
174.22 
171.59 
163.79 
151.06 
133.79 
112.54 
87.95 
60.79 
31.88 
2.10 
-27.66 
-56.52 
-83.66 
-108.29 
-129.72 
-147.38 
-160.80 
-169.62 
-173.63 
-172.74 
-166.98 
-156.53 
-141.67 
-122.79 
-100.38 
-74.97 
-47.17 
-17.60 
13.09 
44.27 
75.32 
105.66 
134.75 
162.11 
187.33 
210.07 
230.06 
---
308.21 
310.82 
318.57 
331.25 
348.51 
369.87 
394.77 
422.55 
452.47 
483.77 
515.69 
547.44 
578.30 
607.58 
634.67 
659.03 
680.22 
697.90 
711.83 
721.71 
727.36 
728.82 
726.25 
719.84 
709.87 
696.67 
680.60 
662.05 
641.40 
619.05 
595.40 
570.83 
545.68 
520.30 
494.97 
469.98 
445.56 
